)O+_06
style (Cartesian, Asteroidal, Cometary) = Ast
001      m=0.00000
  5.0300E-01  2.1844E-02  5.4543E-01  1.1493E+02  2.5056E+02  1.1816E+02   0   0   0
002      m=0.00000
  5.0770E-01  5.7256E-03  2.4514E-01  3.4395E+02  1.3328E+02  3.0441E+02   0   0   0
003      m=0.00000
  5.1587E-01  9.2856E-03  4.3276E-01  7.1840E+01  2.2850E+02  2.6550E+01   0   0   0
004      m=0.00000
  5.2688E-01  5.8034E-03  1.7457E-01  1.8528E+02  2.8175E+01  3.0455E+02   0   0   0
005      m=0.00000
  5.3305E-01  6.3422E-03  5.4534E-02  3.2041E+02  4.8720E+01  2.0021E+02   0   0   0
006      m=0.00000
  5.3457E-01  7.7997E-03  5.2420E-01  1.9347E+02  9.1412E+01  5.3112E+01   0   0   0
007      m=0.00000
  5.4746E-01  1.2229E-02  7.4479E-02  1.4716E+02  1.7132E+02  2.1244E+02   0   0   0
008      m=0.00000
  5.5008E-01  1.1840E-02  5.5139E-02  3.1556E+02  1.1376E+02  2.3474E+02   0   0   0
009      m=0.00000
  5.5346E-01  4.5672E-03  1.8036E-01  7.6147E+01  1.3311E+02  3.5980E+02   0   0   0
010      m=0.00000
  5.6056E-01  4.0359E-03  1.3734E-01  2.9039E+02  1.8502E+02  1.2637E+02   0   0   0
011      m=0.00000
  5.6684E-01  8.2739E-03  3.0650E-01  3.1897E+02  2.4184E+02  3.1257E+02   0   0   0
012      m=0.00000
  5.7269E-01  1.6781E-02  2.4463E-01  2.2698E+02  2.9510E+02  3.5399E+02   0   0   0
013      m=0.00000
  5.9073E-01  2.8860E-03  3.8886E-01  3.7236E+01  2.7453E+02  1.7587E+02   0   0   0
014      m=0.00000
  5.9196E-01  1.0691E-02  3.8550E-02  2.2775E+02  2.1168E+02  3.0294E+02   0   0   0
015      m=0.00000
  6.2537E-01  1.1342E-02  4.4875E-01  2.7841E+02  3.6589E+01  1.4915E+02   0   0   0
016      m=0.00000
  6.6651E-01  2.2788E-03  1.4341E-01  2.9689E+02  2.2665E+02  1.3958E+02   0   0   0
017      m=0.00000
  6.7833E-01  8.2016E-03  1.1966E-01  3.1734E+02  2.6230E+02  3.3875E+02   0   0   0
018      m=0.00000
  7.1275E-01  3.6688E-03  2.7182E-01  3.1644E-01  1.1187E+02  2.7415E+02   0   0   0
019      m=0.00000
  7.3319E-01  9.6721E-03  1.9522E-01  3.0991E+02  2.4103E+02  5.5339E+01   0   0   0
020      m=0.00000
  7.3777E-01  4.3330E-03  2.1908E-01  5.0110E+01  2.3809E+02  5.1055E+01   0   0   0
021      m=0.00000
  7.3991E-01  8.5671E-03  1.0417E-01  2.4036E+02  1.8821E+02  2.8911E+02   0   0   0
022      m=0.00000
  7.4704E-01  4.0728E-04  1.2421E-01  1.6213E+02  1.8617E+02  2.5554E+02   0   0   0
023      m=0.00000
  7.6245E-01  7.8163E-03  2.2322E-01  1.1366E+02  5.3822E+00  6.5123E+01   0   0   0
024      m=0.00000
  7.6614E-01  1.9040E-02  8.4373E-02  1.5830E+02  2.5194E+02  3.4393E+02   0   0   0
025      m=0.00000
  7.6932E-01  1.1589E-02  2.6565E-01  3.4038E+01  2.4345E+02  2.3445E+02   0   0   0
026      m=0.00000
  7.7271E-01  1.3494E-02  2.0532E-01  2.6184E+02  2.9853E+02  9.0765E+01   0   0   0
027      m=0.00000
  7.7491E-01  1.7261E-03  5.5699E-01  3.5617E+02  1.4466E+02  5.7516E+01   0   0   0
028      m=0.00000
  7.7708E-01  5.2961E-03  9.5505E-02  1.7602E+02  1.3962E+02  7.3170E+01   0   0   0
029      m=0.00000
  8.0632E-01  1.0907E-02  2.1197E-01  6.8733E+00  3.4923E+02  9.8852E+01   0   0   0
030      m=0.00000
  8.1754E-01  7.6907E-03  2.8050E-01  7.3894E+01  1.1868E+02  1.5354E+02   0   0   0
031      m=0.00000
  8.1903E-01  1.1957E-02  2.3733E-01  2.2189E+02  1.1576E+02  2.2654E+02   0   0   0
032      m=0.00000
  8.5926E-01  6.5789E-03  7.7366E-02  2.4803E+02  2.4985E+02  3.2460E+02   0   0   0
033      m=0.00000
  8.6534E-01  4.9934E-03  9.5401E-02  1.9582E+02  1.9661E+02  4.6954E+01   0   0   0
034      m=0.00000
  8.8342E-01  3.5206E-03  3.0116E-01  3.5968E+02  1.8651E+02  8.9223E+01   0   0   0
035      m=0.00000
  8.8350E-01  8.0605E-03  3.1425E-01  7.6877E+01  9.8715E+01  3.1932E+02   0   0   0
036      m=0.00000
  8.8414E-01  5.4752E-03  3.0243E-01  3.4278E+02  1.6585E+02  3.3183E+01   0   0   0
037      m=0.00000
  9.1208E-01  1.0665E-02  8.3264E-02  1.6831E+02  2.8219E+02  5.3335E+01   0   0   0
038      m=0.00000
  9.1539E-01  6.6445E-03  1.5849E-01  2.7504E+02  3.0968E+02  5.8391E+01   0   0   0
039      m=0.00000
  9.1600E-01  7.8089E-04  2.4764E-01  1.5038E+02  3.5396E+02  5.1128E+01   0   0   0
040      m=0.00000
  9.1749E-01  1.0465E-02  2.0110E-01  5.5298E+01  3.0383E+02  4.8639E+01   0   0   0
041      m=0.00000
  9.3641E-01  1.0784E-02  3.6458E-01  2.5521E+02  2.0967E+02  1.6391E+02   0   0   0
042      m=0.00000
  9.6445E-01  3.6328E-03  1.6430E-01  1.4035E+02  3.5514E+02  1.3889E+02   0   0   0
043      m=0.00000
  9.6792E-01  9.5639E-03  2.3554E-01  3.1293E+02  2.7062E+02  4.5616E+01   0   0   0
044      m=0.00000
  9.7773E-01  7.4312E-03  3.1943E-01  3.0111E+02  2.1803E+02  1.2583E+02   0   0   0
045      m=0.00000
  9.8652E-01  1.3009E-02  2.2480E-01  2.4570E+02  4.2277E+01  1.6705E+02   0   0   0
046      m=0.00000
  9.9398E-01  5.5318E-03  1.6757E-01  2.9833E+02  5.4142E+01  1.6283E+02   0   0   0
047      m=0.00000
  1.0007E+00  2.9344E-03  2.1274E-01  8.7860E+01  3.4011E+02  7.7489E+01   0   0   0
048      m=0.00000
  1.0045E+00  1.7549E-02  4.0438E-01  2.5583E+01  2.0046E+02  3.4110E+02   0   0   0
049      m=0.00000
  1.0133E+00  8.9716E-03  2.6543E-01  2.3470E+01  7.9501E+00  1.0215E+01   0   0   0
050      m=0.00000
  1.0163E+00  6.8854E-03  1.4146E-01  2.1636E+02  2.3147E+02  2.1139E+02   0   0   0
051      m=0.00000
  1.0194E+00  2.0818E-02  3.8558E-01  3.4112E+02  2.4124E+02  2.0336E+02   0   0   0
052      m=0.00000
  1.0269E+00  1.0895E-02  4.7396E-01  2.7967E+02  3.3043E+02  1.6965E+02   0   0   0
053      m=0.00000
  1.0297E+00  4.8494E-03  1.9208E-01  1.5209E+02  1.6057E+02  7.1913E+01   0   0   0
054      m=0.00000
  1.0297E+00  9.7583E-03  1.5024E-01  1.0158E+02  2.5482E+02  3.2721E+02   0   0   0
055      m=0.00000
  1.0344E+00  2.8942E-03  2.5227E-01  2.0762E+02  2.9416E+02  1.7945E+02   0   0   0
056      m=0.00000
  1.0373E+00  5.3655E-03  2.2014E-01  1.8214E+02  9.5981E+01  2.1614E+02   0   0   0
057      m=0.00000
  1.0546E+00  1.6488E-02  1.0868E-01  1.3146E+02  2.5450E+02  5.4121E+01   0   0   0
058      m=0.00000
  1.0717E+00  7.5727E-03  1.5420E-01  1.8520E+02  2.1052E+02  3.3540E+02   0   0   0
059      m=0.00000
  1.0890E+00  8.2565E-03  2.1318E-01  7.8988E+01  2.5044E+02  2.7210E+02   0   0   0
060      m=0.00000
  1.0911E+00  7.5198E-03  4.8950E-01  1.4333E+02  1.9585E+02  2.2379E+02   0   0   0
061      m=0.00000
  1.1248E+00  9.0935E-03  3.2032E-01  6.9057E+01  5.8709E+01  3.4249E+02   0   0   0
062      m=0.00000
  1.1295E+00  8.7661E-03  5.2118E-01  1.0225E+02  1.9028E+02  9.0045E+01   0   0   0
063      m=0.00000
  1.1316E+00  1.2107E-02  6.1710E-02  8.4096E+01  5.7870E+01  1.4771E+02   0   0   0
064      m=0.00000
  1.1515E+00  8.8984E-03  4.1066E-01  2.8612E+02  2.2567E+02  4.7228E+01   0   0   0
065      m=0.00000
  1.1539E+00  5.0461E-03  1.2412E-01  2.1422E-01  2.8188E+02  2.2779E+02   0   0   0
066      m=0.00000
  1.1711E+00  4.3995E-03  2.2907E-01  1.3998E+02  1.5719E+02  3.1883E+02   0   0   0
067      m=0.00000
  1.1793E+00  1.2950E-02  1.3028E-01  2.5065E+02  1.6087E+02  1.3152E+02   0   0   0
068      m=0.00000
  1.1813E+00  1.2113E-02  2.4519E-01  4.0738E+00  2.2830E+00  2.3459E+02   0   0   0
069      m=0.00000
  1.1868E+00  5.1592E-03  1.6292E-02  2.1536E+02  3.2519E+02  1.0415E+02   0   0   0
070      m=0.00000
  1.1885E+00  4.2595E-03  2.7633E-01  2.9821E+02  2.4500E+02  1.0340E+02   0   0   0
071      m=0.00000
  1.2012E+00  1.1675E-02  1.5142E-01  4.9124E+01  2.6880E+02  1.4905E+02   0   0   0
072      m=0.00000
  1.2227E+00  7.7538E-03  3.7873E-01  6.9828E+01  1.2377E+02  3.4359E+02   0   0   0
073      m=0.00000
  1.2254E+00  3.4738E-03  1.8719E-01  2.7106E+02  1.6576E+02  2.5279E+02   0   0   0
074      m=0.00000
  1.2361E+00  1.7345E-03  2.4184E-01  3.5566E+02  1.3389E+02  1.4015E+02   0   0   0
075      m=0.00000
  1.2362E+00  1.3450E-02  1.3705E-01  2.4918E+02  1.8755E+02  2.9122E+02   0   0   0
076      m=0.00000
  1.2483E+00  4.1721E-03  7.3559E-02  1.1476E+02  2.3726E+02  1.7152E+02   0   0   0
077      m=0.00000
  1.2534E+00  3.6533E-03  3.6083E-01  2.9426E+01  3.3651E+00  1.6641E+02   0   0   0
078      m=0.00000
  1.2564E+00  9.8506E-03  2.9946E-01  6.3677E+01  2.4700E+02  2.4465E+02   0   0   0
079      m=0.00000
  1.2622E+00  1.1890E-02  1.4750E-01  2.8194E+02  2.5429E+01  1.7991E+02   0   0   0
080      m=0.00000
  1.2665E+00  2.2093E-03  3.1717E-01  2.0319E+01  2.5948E+02  2.8826E+02   0   0   0
081      m=0.00000
  1.2702E+00  1.9130E-02  5.8922E-02  3.3764E+02  3.7367E+01  2.5763E+02   0   0   0
082      m=0.00000
  1.3024E+00  1.1761E-02  3.4580E-01  5.6783E+01  1.5314E+00  2.6271E+02   0   0   0
083      m=0.00000
  1.3278E+00  1.7260E-02  4.8013E-01  1.7472E+02  5.7699E+01  3.2757E+01   0   0   0
084      m=0.00000
  1.3310E+00  6.6765E-03  1.1687E-01  2.9182E+01  2.5536E+02  9.1101E+01   0   0   0
085      m=0.00000
  1.3420E+00  6.8593E-03  1.8110E-01  5.8208E+01  7.7697E+01  3.5537E+02   0   0   0
086      m=0.00000
  1.3462E+00  8.3250E-03  3.4136E-01  2.6604E+02  2.1172E+02  4.5371E+01   0   0   0
087      m=0.00000
  1.3847E+00  1.0283E-02  2.1966E-01  7.6987E+01  1.4030E+02  3.0646E+02   0   0   0
088      m=0.00000
  1.3886E+00  8.7956E-03  3.2616E-01  1.9941E+02  8.8824E+01  3.4599E+02   0   0   0
089      m=0.00000
  1.3907E+00  1.0288E-02  1.9557E-01  9.6917E+01  1.0055E+02  1.5841E+02   0   0   0
090      m=0.00000
  1.3977E+00  6.3172E-03  1.5783E-01  2.5683E+02  2.4066E+01  2.5435E+02   0   0   0
091      m=0.00000
  1.4047E+00  3.6151E-03  3.6462E-01  2.5308E+02  1.0693E+02  1.8900E+02   0   0   0
092      m=0.00000
  1.4092E+00  1.1312E-02  1.4741E-01  9.3183E+01  1.9502E+02  2.5730E+02   0   0   0
093      m=0.00000
  1.4103E+00  1.2158E-02  2.2809E-01  1.5511E+02  1.3888E+02  3.1172E+02   0   0   0
094      m=0.00000
  1.4138E+00  2.3492E-03  4.6611E-01  9.2581E+01  3.0013E+02  2.4554E+02   0   0   0
095      m=0.00000
  1.4304E+00  7.6337E-03  1.6851E-01  1.4149E+02  1.8665E+02  2.6702E+02   0   0   0
096      m=0.00000
  1.4347E+00  8.1363E-03  3.6111E-01  8.1723E+01  1.9900E+01  1.6680E+02   0   0   0
097      m=0.00000
  1.4478E+00  7.9412E-03  2.5122E-01  2.2803E+02  2.9278E+02  3.2999E+02   0   0   0
098      m=0.00000
  1.4826E+00  5.4251E-03  3.8412E-01  1.1490E+02  1.9526E+02  1.5816E+02   0   0   0
099      m=0.00000
  1.4866E+00  5.1196E-03  2.3666E-01  5.1496E+01  2.0691E+01  7.7592E+01   0   0   0
100      m=0.00000
  1.4910E+00  1.0415E-02  2.0595E-01  1.8940E+02  3.0823E+02  2.9432E+02   0   0   0
